0 FILE scizzor-lift.io
0 Untitled Model
0 Name:  scizzor-lift
0 Author:  
0 CustomBrick
0 NumOfBricks:  113
1 16 -248.234100 143.000100 299.318300 1.000000 0.000000 0.000000 0.000000 1.000000 0.000000 0.000000 0.000000 1.000000 base
0 ROTSTEP 16.107 -153.001 0.000 ABS
1 16 -249.133600 34.000040 400.687300 1.000000 0.000000 0.000000 0.000000 1.000000 0.000000 0.000000 0.000000 1.000000 gears
0 STEP
1 16 -287.508200 25.000000 307.965300 1.000000 0.000000 0.000000 0.000000 1.000000 0.000000 0.000000 0.000000 1.000000 fix
0 STEP
1 16 -264.244300 -49.874940 991.117700 1.000000 0.000000 0.000000 0.000000 1.000000 0.000000 0.000000 0.000000 1.000000 arm
0 STEP
1 16 -272.002500 -49.750220 1424.264000 0.987415 0.000000 -0.158145 0.000000 1.000000 0.000000 0.158145 0.000000 0.987415 basket
0 STEP
0 NOFILE
0 FILE base
0 base
0 Name:  base
0 Author:  
0 CustomBrick
0 NumOfBricks:  39
1 15 -114.348500 -143.000100 -278.602800 1.000000 0.000000 0.000000 0.000000 1.000000 0.000000 0.000000 0.000000 1.000000 br.dat
0 STEP
1 15 0.726040 -143.002100 96.397540 -1.000000 0.000000 0.000000 0.000000 -1.000000 0.000000 0.000000 0.000000 1.000000 ba.dat
1 15 97.601230 -114.875100 -3.602660 0.000000 0.000000 -1.000000 0.000000 1.000000 0.000000 1.000000 0.000000 0.000000 cp1x1.dat
1 15 -77.398560 -114.875100 -3.602690 0.000000 0.000000 -1.000000 0.000000 1.000000 0.000000 1.000000 0.000000 0.000000 cp1x1.dat
1 15 97.601230 -89.875060 -3.602660 0.000000 0.000000 -1.000000 0.000000 1.000000 0.000000 1.000000 0.000000 0.000000 cp1x1.dat
1 15 -77.398560 -89.875060 -3.602690 0.000000 0.000000 -1.000000 0.000000 1.000000 0.000000 1.000000 0.000000 0.000000 cp1x1.dat
0 STEP
1 15 -204.273800 -43.000110 -3.602360 0.000000 0.000000 1.000000 0.000000 -1.000000 0.000000 1.000000 0.000000 0.000000 mo.dat
1 15 -124.273800 -114.875100 49.522560 1.000000 0.000000 0.000000 0.000000 1.000000 0.000000 0.000000 0.000000 1.000000 cp1x1.dat
1 15 -124.273800 -114.875100 99.522560 1.000000 0.000000 0.000000 0.000000 1.000000 0.000000 0.000000 0.000000 1.000000 cp1x1.dat
1 15 -124.273800 -64.875100 99.522560 1.000000 0.000000 0.000000 0.000000 1.000000 0.000000 0.000000 0.000000 1.000000 cp1x1.dat
1 15 75.726180 -114.875100 49.522560 1.000000 0.000000 0.000000 0.000000 1.000000 0.000000 0.000000 0.000000 1.000000 cp1x1.dat
1 15 75.726180 -114.875100 99.522560 1.000000 0.000000 0.000000 0.000000 1.000000 0.000000 0.000000 0.000000 1.000000 cp1x1.dat
1 15 75.726180 -64.875060 99.522560 1.000000 0.000000 0.000000 0.000000 1.000000 0.000000 0.000000 0.000000 1.000000 cp1x1.dat
1 15 205.726200 -118.000000 -3.602420 0.000000 0.000000 -1.000000 0.000000 1.000000 0.000000 1.000000 0.000000 0.000000 mo.dat
0 STEP
1 15 -224.273800 -64.875080 149.522600 1.000000 0.000000 0.000000 0.000000 1.000000 0.000000 0.000000 0.000000 1.000000 cp1x1.dat
1 15 175.726100 -114.875000 149.522600 1.000000 0.000000 0.000000 0.000000 1.000000 0.000000 0.000000 0.000000 1.000000 cp1x1.dat
1 15 175.726100 -64.874960 149.522600 1.000000 0.000000 0.000000 0.000000 1.000000 0.000000 0.000000 0.000000 1.000000 cp1x1.dat
1 15 249.476100 -159.550000 79.367560 0.000000 0.000000 -1.000000 0.000000 1.000000 0.000000 1.000000 0.000000 0.000000 wh.dat
1 15 -248.023800 -159.550100 238.427600 0.000000 0.000000 1.000000 0.000000 1.000000 0.000000 -1.000000 0.000000 0.000000 wh.dat
1 15 -224.273800 -114.875100 149.522600 1.000000 0.000000 0.000000 0.000000 1.000000 0.000000 0.000000 0.000000 1.000000 cp1x1.dat
0 STEP
1 15 75.726180 -18.000080 221.397600 0.000000 1.000000 0.000000 0.000000 0.000000 -1.000000 -1.000000 0.000000 0.000000 ct2x2.dat
1 15 -99.273800 -18.000090 221.397600 0.000000 1.000000 0.000000 0.000000 0.000000 -1.000000 -1.000000 0.000000 0.000000 ct2x2.dat
1 15 103.851100 -67.999980 218.272600 0.000000 1.000000 0.000000 1.000000 0.000000 0.000000 0.000000 0.000000 -1.000000 cp1x1.dat
1 15 -121.148800 -68.000100 218.272600 0.000000 1.000000 0.000000 1.000000 0.000000 0.000000 0.000000 0.000000 -1.000000 cp1x1.dat
1 15 -121.148900 -68.000100 18.272640 0.000000 1.000000 0.000000 1.000000 0.000000 0.000000 0.000000 0.000000 -1.000000 cp1x1.dat
1 15 103.851200 -67.999980 18.272550 0.000000 1.000000 0.000000 1.000000 0.000000 0.000000 0.000000 0.000000 -1.000000 cp1x1.dat
1 15 78.851460 -68.000060 18.272310 0.000000 1.000000 0.000000 1.000000 0.000000 0.000000 0.000000 0.000000 -1.000000 cp1x1.dat
1 15 -96.148560 -68.000060 18.272280 0.000000 1.000000 0.000000 1.000000 0.000000 0.000000 0.000000 0.000000 -1.000000 cp1x1.dat
0 STEP
1 15 125.726200 -43.000080 171.397600 0.000000 0.000000 -1.000000 0.000000 1.000000 0.000000 1.000000 0.000000 0.000000 s10x2.dat
1 15 -124.273600 -43.000060 46.397220 0.000000 0.000000 1.000000 0.000000 1.000000 0.000000 -1.000000 0.000000 0.000000 s10x2.dat
0 STEP
1 15 -74.273530 -42.999980 -303.602800 1.000000 0.000000 0.000000 0.000000 0.000000 -1.000000 0.000000 1.000000 0.000000 a90l.dat
1 15 -71.148560 -64.875060 -253.602800 0.000000 0.000000 1.000000 0.000000 1.000000 0.000000 -1.000000 0.000000 0.000000 cp1x1.dat
1 15 -46.148560 -64.875060 -253.602800 0.000000 0.000000 1.000000 0.000000 1.000000 0.000000 -1.000000 0.000000 0.000000 cp1x1.dat
1 15 28.851470 -64.875060 -253.602800 0.000000 0.000000 1.000000 0.000000 1.000000 0.000000 -1.000000 0.000000 0.000000 cp1x1.dat
1 15 53.851470 -64.875060 -253.602800 0.000000 0.000000 1.000000 0.000000 1.000000 0.000000 -1.000000 0.000000 0.000000 cp1x1.dat
1 15 75.726490 -43.000060 -278.602800 -1.000000 0.000000 0.000000 0.000000 0.000000 -1.000000 0.000000 -1.000000 0.000000 a90l.dat
0 STEP
1 15 -24.273560 -118.000000 -278.602800 0.000000 1.000000 0.000000 1.000000 0.000000 0.000000 0.000000 0.000000 -1.000000 ct2x2.dat
1 15 0.726490 -118.000100 -278.602800 0.000000 1.000000 0.000000 1.000000 0.000000 0.000000 0.000000 0.000000 -1.000000 ct2x2.dat
1 15 -24.273590 0.000000 -303.602800 1.000000 0.000000 0.000000 0.000000 -1.000000 0.000000 0.000000 0.000000 -1.000000 cw.dat
0 STEP
0 NOFILE
0 FILE gears
0 gears
0 Name:  gears
0 Author:  
0 CustomBrick
0 NumOfBricks:  38
1 15 -48.374330 -59.000030 -129.971400 1.000000 0.000000 0.000000 0.000000 1.000000 0.000000 0.000000 0.000000 1.000000 s8x4.dat
1 15 -26.499330 -59.000040 48.153600 0.000000 -1.000000 0.000000 1.000000 0.000000 0.000000 0.000000 0.000000 1.000000 cp1x1.dat
1 15 48.500680 -59.000040 48.153600 0.000000 -1.000000 0.000000 1.000000 0.000000 0.000000 0.000000 0.000000 1.000000 cp1x1.dat
0 STEP
1 15 -23.374300 -109.000000 -29.971440 0.000000 1.000000 0.000000 1.000000 0.000000 0.000000 0.000000 0.000000 -1.000000 ct2x2.dat
1 15 -48.374300 -109.000000 -29.971440 0.000000 1.000000 0.000000 1.000000 0.000000 0.000000 0.000000 0.000000 -1.000000 ct2x2.dat
0 STEP
1 15 -48.374300 -159.000000 -54.971440 0.000000 0.000000 1.000000 1.000000 0.000000 0.000000 0.000000 1.000000 0.000000 s4x4.dat
1 15 1.625720 -84.000030 -29.971470 0.000000 0.000000 1.000000 0.000000 1.000000 0.000000 -1.000000 0.000000 0.000000 cc2x2.dat
0 STEP
1 15 -48.374270 -159.000000 -54.971440 1.000000 0.000000 0.000000 0.000000 0.000000 -1.000000 0.000000 1.000000 0.000000 s4x1.dat
1 15 1.625700 -134.000000 -29.971560 0.000000 -1.000000 0.000000 -1.000000 0.000000 0.000000 0.000000 0.000000 -1.000000 ct2x2.dat
1 15 -23.374300 -134.000000 -29.971440 0.000000 -1.000000 0.000000 -1.000000 0.000000 0.000000 0.000000 0.000000 -1.000000 ct2x2.dat
1 15 1.625730 -184.000000 -29.971440 0.000000 0.000000 1.000000 0.000000 1.000000 0.000000 -1.000000 0.000000 0.000000 cc2x2.dat
0 STEP
1 15 -15.561830 -126.187500 -13.971440 0.000000 0.000000 1.000000 0.000000 1.000000 0.000000 -1.000000 0.000000 0.000000 axp4s.dat
1 15 -10.874390 -161.098400 -112.181400 -0.707104 0.000000 0.707109 0.707109 0.000000 0.707104 0.000000 1.000000 0.000000 g20.dat
1 15 -86.888240 -121.500200 -8.111450 0.707108 0.000000 0.707105 -0.707105 0.000000 0.707108 0.000000 -1.000000 0.000000 cg40.dat
0 STEP
1 15 -10.912720 -83.500080 -52.780090 0.707352 0.000000 -0.706861 0.000000 1.000000 0.000000 0.706861 0.000000 0.707352 g60.dat
1 15 16.172140 -134.000100 49.219790 0.000000 0.000000 -1.000000 1.000000 0.000000 0.000000 0.000000 -1.000000 0.000000 cp2x1.dat
1 15 -19.170930 -134.000100 84.587390 0.000000 0.000000 -1.000000 1.000000 -0.000001 0.000000 0.000000 -1.000000 0.000000 cp2x1.dat
1 15 -20.249330 -84.000080 48.153600 0.000000 0.000000 1.000000 1.000000 0.000000 0.000000 0.000000 1.000000 0.000000 axp2p.dat
0 STEP
1 15 24.486980 -109.000100 39.856870 -0.707105 0.000000 -0.707109 0.000000 1.000000 0.000000 0.707109 0.000000 -0.707105 s3x1.dat
0 STEP
1 15 -187.645300 -109.000100 181.277900 0.707104 0.000000 0.707109 0.000000 -1.000000 0.000000 0.707109 0.000000 -0.707104 s10x2.dat
1 15 -1.493150 -159.000100 48.159790 0.000000 -1.000000 0.000000 1.000000 0.000000 0.000000 0.000000 0.000000 1.000000 cp1x1.dat
0 STEP
1 15 165.909100 -159.000000 181.265200 -0.707104 0.000000 -0.707109 0.000000 1.000000 0.000000 0.707109 0.000000 -0.707104 s10x2.dat
0 STEP
1 15 39.124940 -158.260100 -54.022980 0.707107 -0.707107 0.000006 -0.000002 0.000006 1.000000 -0.707107 -0.707107 0.000003 wg30.dat
1 15 45.753060 -300.000100 -92.472350 0.000005 -0.707107 -0.707107 1.000000 0.000006 0.000002 0.000003 -0.707107 0.707107 axp12s.dat
0 STEP
1 15 -10.912660 -159.500000 167.837100 0.707352 0.000000 -0.706861 0.000000 -1.000000 0.000000 -0.706861 0.000000 -0.707352 g60.dat
1 15 -19.170870 -184.000000 30.469640 0.000000 -1.000000 0.000000 1.000000 0.000000 0.000000 0.000000 0.000000 1.000000 cp1x1.dat
1 15 16.172180 -184.000000 65.837250 0.000000 -1.000000 0.000000 1.000000 0.000000 0.000000 0.000000 0.000000 1.000000 cp1x1.dat
1 15 -20.249270 -159.000000 66.903420 0.000000 0.000000 1.000000 -1.000000 0.000000 0.000000 0.000000 -1.000000 0.000000 axp2p.dat
0 STEP
1 15 -48.374270 -209.000000 -129.971600 1.000000 0.000000 0.000000 0.000000 1.000000 0.000000 0.000000 0.000000 1.000000 s8x4.dat
1 15 -1.499270 -184.000000 -108.096600 0.000000 -1.000000 0.000000 -1.000000 0.000000 0.000000 0.000000 0.000000 -1.000000 cp1x1.dat
1 15 48.500700 -184.000000 48.153480 0.000000 0.000000 -1.000000 -1.000000 0.000000 0.000000 0.000000 1.000000 0.000000 cp1x1.dat
1 15 -26.499300 -184.000000 48.153480 0.000000 -0.000001 -1.000000 -1.000000 0.000000 0.000000 0.000000 1.000000 -0.000001 cp1x1.dat
0 STEP
1 15 -123.375600 -314.999100 -54.972230 1.000000 -0.000002 0.000006 -0.000006 0.000003 1.000000 -0.000002 -1.000000 0.000003 mo.dat
1 15 76.624900 -213.125200 -101.847300 1.000000 0.000000 0.000000 0.000000 0.000000 -1.000000 0.000000 1.000000 0.000000 cp1x1.dat
1 15 76.624420 -288.125200 -101.847500 1.000000 0.000000 0.000000 0.000000 0.000000 -1.000000 0.000000 1.000000 0.000000 cp1x1.dat
1 15 -148.375700 -213.123500 -101.846700 1.000000 0.000000 0.000000 0.000000 0.000000 -1.000000 0.000000 1.000000 0.000000 cp1x1.dat
1 15 -148.375600 -288.124100 -101.847200 1.000000 0.000000 0.000000 0.000000 0.000000 -1.000002 0.000000 1.000002 0.000000 cp1x1.dat
0 STEP
1 15 71.625920 -309.000900 107.528900 -1.000000 0.000000 0.000000 0.000000 1.000000 0.000000 0.000000 0.000000 -1.000000 us.dat
0 STEP
0 NOFILE
0 FILE fix
0 fix
0 Name:  fix
0 Author:  
0 CustomBrick
0 NumOfBricks:  5
1 15 139.999100 -1.000100 -12.250520 0.000000 1.000000 0.000000 -1.000000 0.000000 0.000000 0.000000 0.000000 1.000000 s12x1.dat
1 15 115.000600 -3.125000 -9.124760 1.000000 0.000000 0.000000 0.000000 0.000000 -1.000000 0.000000 1.000000 0.000000 cp1x1.dat
1 15 -109.999400 -21.875000 -9.124760 1.000000 0.000000 0.000000 0.000000 1.000000 0.000000 0.000000 0.000000 1.000000 cp2x1.dat
1 15 -59.999420 -0.000010 12.750240 0.000000 -1.000000 0.000000 -1.000000 0.000000 0.000000 0.000000 0.000000 -1.000000 s1x1.dat
1 15 -110.000900 -0.999060 -12.250180 0.000000 1.000000 0.000000 -1.000000 0.000000 0.000000 0.000000 0.000000 1.000000 s12x1.dat
0 NOFILE
0 FILE arm
0 arm
0 Name:  arm
0 Author:  
0 CustomBrick
0 NumOfBricks:  17
1 15 118.611800 -25.125010 -418.540000 0.000000 1.000000 0.000000 -1.000000 0.000000 0.000000 0.000000 0.000000 1.000000 cp1x1.dat
1 15 -110.126600 -75.125160 -418.527300 0.000000 -1.000000 0.000000 1.000000 0.000000 0.000000 0.000000 0.000000 1.000000 cp1x1.dat
1 15 13.616960 -75.125180 -294.783500 0.000000 -1.000000 0.000000 1.000000 0.000000 0.000000 0.000000 0.000000 1.000000 cp1x1.dat
1 15 -154.855600 -50.125010 -143.999600 0.707106 0.000000 0.707108 0.000000 1.000000 0.000000 -0.707108 0.000000 0.707106 s16x1.dat
1 15 -146.552900 -25.125000 -153.374600 0.000000 1.000000 0.000000 -1.000000 0.000000 0.000000 0.000000 0.000000 1.000000 cp1x1.dat
1 15 163.340900 -50.125180 -143.987000 -0.707106 0.000000 -0.707108 0.000000 -1.000000 0.000000 -0.707108 0.000000 0.707106 s16x1.dat
1 15 155.038200 -75.125200 -153.362000 0.000000 -1.000000 0.000000 1.000000 0.000000 0.000000 0.000000 0.000000 1.000000 cp1x1.dat
0 STEP
1 15 13.618820 -75.125000 -11.953370 0.000000 -1.000000 0.000000 1.000000 0.000000 0.000000 0.000000 0.000000 1.000000 cp1x1.dat
1 15 127.987700 -75.125000 138.842800 -0.707108 0.000000 0.707106 0.000000 1.000000 0.000000 -0.707106 0.000000 -0.707108 s16x1.dat
1 15 118.612600 -25.125000 111.790200 0.000000 1.000000 0.000000 -1.000000 0.000000 0.000000 0.000000 0.000000 1.000000 cp1x1.dat
1 15 -119.502300 -25.125230 138.855500 0.707108 0.000000 -0.707106 0.000000 -1.000000 0.000000 -0.707106 0.000000 -0.707108 s16x1.dat
1 15 -110.127300 -75.125220 111.802900 0.000000 -1.000000 0.000000 1.000000 0.000000 0.000000 0.000000 0.000000 1.000000 cp1x1.dat
0 STEP
1 15 13.616410 -75.125240 235.546800 0.000000 -1.000000 0.000000 1.000000 0.000000 0.000000 0.000000 0.000000 1.000000 cp1x1.dat
1 15 -84.144320 -50.125000 315.619900 0.707106 0.000000 0.707107 0.000000 1.000000 0.000000 -0.707107 0.000000 0.707106 s12x1.dat
1 15 92.629730 -50.125240 315.632400 -0.707107 0.000000 -0.707107 0.000000 -1.000000 0.000000 -0.707107 0.000000 0.707107 s12x1.dat
1 15 31.294070 -100.125200 253.224400 0.000000 -1.000000 0.000000 1.000000 0.000000 0.000000 0.000000 0.000000 1.000000 cp1x1.dat
1 15 -4.058660 -50.125000 253.211800 0.000000 -1.000000 0.000000 1.000000 0.000000 0.000000 0.000000 0.000000 1.000000 cp1x1.dat
0 STEP
0 NOFILE
0 FILE basket
0 basket
0 Name:  basket
0 Author:  
0 CustomBrick
0 NumOfBricks:  14
1 15 -10.167300 -100.250000 -60.593630 0.000000 0.000000 1.000000 0.000000 1.000000 0.000000 -1.000000 0.000000 0.000000 s5x1.dat
1 15 14.832720 -25.249980 -60.593630 0.000000 -1.000000 0.000000 -1.000000 0.000000 0.000000 0.000000 0.000000 -1.000000 ct2x2.dat
1 15 -10.167310 -100.250000 -85.593630 0.000000 0.000000 1.000000 1.000000 0.000000 0.000000 0.000000 1.000000 0.000000 cc2x2.dat
0 STEP
1 15 39.832690 -75.249980 -85.593510 0.000000 -1.000000 0.000000 1.000000 0.000000 0.000000 0.000000 0.000000 1.000000 ct2x2.dat
1 15 39.832670 -75.250000 -35.593510 0.000000 0.000000 -1.000000 1.000000 0.000000 0.000000 0.000000 -1.000000 0.000000 ct2x2.dat
0 STEP
1 15 37.472120 -25.249990 -37.574100 0.173649 0.000000 -0.984808 0.000000 1.000000 0.000000 0.984808 0.000000 0.173649 s4x1.dat
1 15 -101.625500 -25.250000 24.463740 0.273955 0.000000 0.961743 0.000000 1.000000 0.000000 -0.961743 0.000000 0.273955 a120.dat
1 15 29.882200 -50.249990 41.601080 0.000000 -0.052335 0.998630 1.000000 0.000000 0.000000 0.000000 0.998630 0.052335 cp1x1.dat
1 15 -95.554290 -50.250000 6.491460 0.000000 0.000000 1.000000 1.000000 0.000000 0.000000 0.000000 1.000000 0.000000 cp1x1.dat
0 STEP
1 15 55.755080 -50.249990 56.296630 -0.873769 0.000000 -0.486341 0.000000 1.000000 0.000000 0.486341 0.000000 -0.873769 a120.dat
0 STEP
1 15 -4.941910 -25.249980 -56.982160 -0.353475 0.000000 0.935443 0.000000 1.000000 0.000000 -0.935443 0.000000 -0.353475 s5x1.dat
1 15 -69.878020 -50.250000 -36.413330 0.000000 0.000000 1.000000 1.000000 0.000000 0.000000 0.000000 1.000000 0.000000 cp1x1.dat
1 15 45.390100 -75.250000 16.771970 0.000000 -1.000000 0.000000 1.000000 0.000000 0.000000 0.000000 0.000000 1.000000 cp2x1.dat
1 15 -43.362550 -75.249980 60.349740 0.000000 0.000000 1.000000 1.000000 0.000000 0.000000 0.000000 1.000000 0.000000 cp1x1.dat
0 STEP
0 NOFILE
